Head <--10 <--20 <--30 <--Null
Head <--10 <--20 <--25 <--30 <--Null